0 0.354492 0.278320 0.083984 0.076172
0 0.293945 0.147461 0.099609 0.083984
0 0.264648 0.258789 0.064453 0.064453
0 0.691406 0.212891 0.078125 0.074219
0 0.721680 0.118164 0.095703 0.052734
0 0.799805 0.171875 0.041016 0.050781
0 0.285156 0.471680 0.070312 0.068359
0 0.400391 0.526367 0.070312 0.068359
0 0.497070 0.625977 0.181641 0.083984
0 0.591797 0.568359 0.062500 0.054688
0 0.701172 0.600586 0.062500 0.095703
0 0.703125 0.875000 0.074219 0.082031
0 0.660156 0.745117 0.089844 0.083984
0 0.253906 0.931641 0.105469 0.062500
0 0.155273 0.667969 0.189453 0.144531
0 0.857422 0.358398 0.230469 0.134766
