0 0.171875 0.198242 0.074219 0.048828
0 0.337891 0.546875 0.066406 0.050781
0 0.158203 0.530273 0.093750 0.064453
0 0.548828 0.403320 0.097656 0.052734
0 0.465820 0.703125 0.107422 0.093750
0 0.393555 0.842773 0.068359 0.064453
0 0.095703 0.925781 0.128906 0.101562
0 0.795898 0.390625 0.076172 0.058594
0 0.639648 0.549805 0.056641 0.044922
0 0.098633 0.366211 0.072266 0.076172
0 0.831055 0.467773 0.095703 0.064453
0 0.266602 0.555664 0.064453 0.060547
0 0.188477 0.473633 0.068359 0.052734
0 0.178711 0.250000 0.056641 0.050781
0 0.291016 0.229492 0.058594 0.056641
0 0.975586 0.243164 0.044922 0.068359
0 0.777344 0.202148 0.062500 0.048828
0 0.840820 0.669922 0.044922 0.066406
0 0.419922 0.791016 0.078125 0.066406
