0 0.628906 0.659180 0.093750 0.083984
0 0.797852 0.602539 0.072266 0.052734
0 0.306641 0.697266 0.066406 0.062500
0 0.613281 0.876953 0.160156 0.156250
0 0.323242 0.553711 0.060547 0.056641
0 0.921875 0.867188 0.156250 0.148438
0 0.666016 0.537109 0.066406 0.046875
0 0.568359 0.489258 0.066406 0.072266
0 0.666016 0.462891 0.066406 0.050781
0 0.744141 0.518555 0.058594 0.052734
0 0.106445 0.393555 0.076172 0.056641
0 0.180664 0.174805 0.068359 0.056641
0 0.612305 0.186523 0.068359 0.076172
0 0.803711 0.150391 0.111328 0.160156
0 0.776367 0.345703 0.142578 0.132812
0 0.910156 0.418945 0.156250 0.083984
