0 0.173828 0.235352 0.089844 0.068359
0 0.563477 0.148438 0.099609 0.167969
0 0.239258 0.839844 0.083984 0.101562
0 0.541992 0.749023 0.134766 0.123047
0 0.742188 0.938477 0.136719 0.076172
0 0.748047 0.410156 0.156250 0.105469
0 0.763672 0.098633 0.160156 0.177734
0 0.295898 0.048828 0.107422 0.046875
0 0.518555 0.903320 0.126953 0.126953
0 0.335938 0.820312 0.089844 0.097656
0 0.302734 0.904297 0.070312 0.078125
0 0.034180 0.922852 0.064453 0.119141
0 0.044922 0.747070 0.070312 0.068359
0 0.241211 0.169922 0.083984 0.046875
0 0.319336 0.170898 0.072266 0.099609
