0 0.068359 0.844727 0.125000 0.263672
0 0.347656 0.826172 0.078125 0.082031
0 0.341797 0.578125 0.054688 0.054688
0 0.259766 0.591797 0.082031 0.078125
0 0.445312 0.491211 0.140625 0.091797
0 0.586914 0.517578 0.080078 0.117188
0 0.630859 0.735352 0.140625 0.072266
0 0.448242 0.712891 0.060547 0.062500
0 0.715820 0.228516 0.115234 0.066406
0 0.945312 0.272461 0.054688 0.095703
0 0.321289 0.241211 0.056641 0.072266
0 0.228516 0.804688 0.066406 0.085938
0 0.880859 0.614258 0.058594 0.080078
0 0.359375 0.926758 0.058594 0.068359
