0 0.402344 0.546875 0.109375 0.179688
0 0.213867 0.836914 0.123047 0.181641
0 0.172852 0.091797 0.099609 0.097656
0 0.175781 0.191406 0.093750 0.062500
0 0.487305 0.145508 0.076172 0.064453
0 0.659180 0.319336 0.056641 0.083984
0 0.942383 0.586914 0.091797 0.267578
0 0.786133 0.724609 0.064453 0.078125
0 0.887695 0.827148 0.080078 0.072266
0 0.670898 0.720703 0.060547 0.058594
0 0.196289 0.563477 0.087891 0.095703
0 0.776367 0.093750 0.072266 0.085938
0 0.916992 0.300781 0.064453 0.050781
1 0.937500 0.077148 0.125000 0.138672
